124304800806
124443107633
124517978099
124544488500
124544600002
124786190120
125331859464
125331879646
125333139233
125427420003
125642527424
125770812748
125999834797
126006383264
126025663821
126034088177
126097498290
126099617598
126100329974
126112000074
126113669997
126115129678
126145377750
126149513414
126165743707
126191730089
126240080796
126246015049
126261745604
126273747000
126300556081
126318905098
126319915613
126328889625
126329788905
126335800057
126366423877
126369525294
126369525443
126370118291
126373906372
126383530718
126384427949
126386406454
126391796563 (ended, skip)
126396166504
126400323865
126409555016
126412730192
126412730309
126414603429
126414603992
126415790575
126418260377
126419572927
126421703850
126428136149
126431926007
126431926030
126439889445
126439889588
126440196718 (ended, skip)
126443316370
126446929560
126447017429
126448866212
126448866471
126450542804
126450542814
126453713695 (ended, skip)
126453713734
126454417969
126459398545
126462946756
126464661439
126468846680
126469785044
126469785057
126470733977
126470733996
126473385852
126475110167
126476748263
126478317875
126479943435
126481444436
126481444509
126482220912
126486323016
126487251794
126488763142
126489346392
126493144658
126494001373
126495205134
126495661048
126495661368
126501503524
126505506359
126505662839
