126506952902
126506982497
126533983592
126533983595
126590584656
126672923175
126716474810
126716494061
126827721230
127082971121
127088986267
127116875911
127168314084
127174728310
127196591598
127226971822
127236581110
127239775819
127239950660
127239967300
127264606664
127365667688
127389768398
127389768400
127389768402
127389768403
127389768404
127389768405
127389768406
127389768407
127389768408
127389768410
127389768411
127389768412
127389768415
127389768417
127389768418
127389768419
127389768421
127389768422
127389768426
127389768427
127389768429
127389768430
127389768431
127389768433
127389768434
127389768435
127389768437
127389768441
127389768442
127389768444
127389768445
127389838857
127389838859
127389838860
127389838862
127389838864
127389838865
127389838866
127389838868
127389838869
127389838870
127389838871
127389838872
127389838873
127389838877
127389838878
127389838879
127389838882
127389838883
127389838887
127389838890
127389838894
127389838895
127389838898
127389838901
127389838906
127389838909
127389838910
127389838911
127389838912
127389838913
127389838914
127389838916
127389838917
127389838920
127389838923
127389838925
127389838926
127389838928
127389838930
127389838931
127389838932
127389838933
127389838934
127389838935
127389838936
127389838937
127389838939
