127389838940
127389838941
127389838942
127389838943
127389838944
127389838945
127389838946
127389838948
127389838951
127389838952
127389838954
127389838955
127389838959
127389838960
127389838965
127389857795
127389857796
127389857797
127389857802
127389857805
127389857806
127389857807
127389857808
127389857809
127389857810
127389857811
127389857812
127389857815
127389857816
127389857817
127389857818
127389857819
127389857821
127389857822
127389857823
127389857824
127389857825
127389857827
127389857829
127389857830
127389857832
127389857833
127389857834
127389857835
127389857836
127389857837
127389857838
127389857839
127389857840
127389857841
127389857843
127389857844
127389857845
127389857846
127389857848
127389857849
127389857855
127389857856
127389857857
127389857858
127389857859
127389857860
127389857861
127389857862
127389857864
127389857866
127389857867
127389857868
127389857869
127389857870
127389857871
127389857876
127389857877
127389857878
127389857879
127389857880
127389857881
127389857882
127389857883
127389857884
127389857886
127389857890
127389857893
127389873036
127389878144
127389878150
127389878151
127389878152
127389878153
127389878154
127389878156
127389878157
127389878158
127389878159
127389878160
127389878161
127389878163
127389878164
127389878166
127389878167
