236345137153
363447330363
234090739207
233565736200
234671953808
235325362709
236153756994
235420587781
363267267278
235349304256
363645713758
124517978099
236204075152
235303060436
126590584656
126149513414
235431271064
126400323865
364857922960
364849235207
235439416399
126006383264
125427420003
364487898405
236345069155
126191730089
364705553974
126488763142
235557930766
365879907979
234665838880
124544600002
126369525443
365680010387
363106327803
235505374455
126446929560
236260873098
127174728310
127457742950
236088941803
364864867000
124304800806
125770812748
365879907951
126439889445
125642527424
236206634313
234916203750
127389946576
363556924795
234674158965
364539226155
363018083245
363197736680
235024112455
125331879646
233743981170
233481443797
363809308977
235065135898
125333139233
124786190120
364312027365
364709344786
126034088177
235397488898
233668023267
125331859464
235244121203
364483533791
364127023795
235238649186
125999834797
363665320900
234517180623
364318230088
124544488500
126025663821
124443107633
364614984524
364852422084
126100329974
235534435224
