365879908021
364737328423
365879832362
126486323016
365879950562
365879996421
236345069184
127389838945
127410844912
127488196314
236344962443
365879935286
126261745604
236344962474
236345137160
127389932590
365880042764
365879996355
127389932547
365879996403
127389768429
236345031480
235540665153
364856425787
365879996354
365879935290
365879950563
127389838868
127663835511
126373906372
235539278220
236345031419
236345069163
127239775819
127389857841
236345137181
236344962475
365879832410
127389878197
235499239928
126505662839
365879996433
236345137152
126482220912
236345137197
235553303692
365879908017
236345031479
235235642786
127389857822
236345069130
126450542814
365680341386
235579675193
127389932544
236153746008
365456861194
236344962444
365879935297
236345069182
127502681657
127389857866
127389878167
236344962447
365443968263
127389878159
127389969237
236345137186
127389878180
364851559092
236345056380
365879950550
127389838909
127389878176
235100299670
365879950558
236345056436
365879950523
127389969233
236345137187
365879907928
365879908034
365816245798
236345137161
235445154602
236345056400
236345137214
126414603429
365879935276
365879996405
126329788905
127389857806
236345031449
236345069160
365880042746
126318905098
127389932570
236345031435
365879996351
127389838923
236345031482
236345056434
127803050156
127389932568
126479943435
236345137221
365879950564
236345137188
236345069169
364721114257
127389878151
365879935302
236345146197
127790044097
236345056424
365880042779
126470733996
236345056418
236345069144
127389838931
126370118291
236345031416
236345069157
126505506359
364616077785
236345031473
365879907950
127389946574
235227727519
366173240741
127389857839
235480965806
236345056402
235399090909
127389838870
127389768422
127389932576
236345137237
364776659031
236345160651
365879907969
365880019097
127389838882
127389768434
127389932571
236345160662
364839720860
236345069148
365879907946
365938401688
365880019098
127389838865
364881885930
236345137162
236345031466
236345031438
236344962477
126443316370
236344962453
365879907973
236345069132
126473385852
127389838954
127389878236
235477074948
236616368959
126487251794
126495661368
236345137203
127389878181
365879996379
366005344632
126533983595
365879996378
236345160663
126300556081
365879950524
127389946569
127389768417
236345031463
127389932580
236345031442
235459823131
127389878208
236345056432
365880019095
236345031427
127389838890
127389969220
365879996413
365879832365
127389932561
127389969239
235238649466
365879950553
127389838864
236345056413
236345146199
365879996377
127239950660
236345069141
365879908006
365879996341
365879950570
127389838871
127417945230
236345137178
364892135275
364826513800
365879996342
365879935293
127389857810
236460252577
127389838913
236345137224
127389878199
236345137192
127389838869
235561798388
365879907985
365880019102
127389857860
127389838895
364825735402
127389838933
365879950581
127389878171
236345031424
365879996385
236345146196
235392003566
236344962470
127236581110
127389932540
235148716431
127389838901
365879935280
365879935307
236345056383
236345056405
127389838942
127389857834
127389838932
127389857817
236384016213
236345056389
365880042752
236345031488
236746944737
235580958045
235482459293
365879935262
235547635892
365879996357
236345069152
127389838878
127389878230
364893803702
236475895875
365879996408
127663835501
236345069162
365949582238
126439889588
364564395846
236345056427
364889774692
235226017969
236345056440
127389838944
365879908022
127389878154
236345069177
126396166504
365879996414
235550290140
235582224942
127365667688
365879907931
127389946586
365879832358
365879996340
365879832397
127389768415
126716494061
365879907974
365879935284
235456017127
127389857845
127389838928
236344962436
364532229830
236345137177
365879832357
365879908024
365879950585
365879935278
365879996399
127389878153
365879950571
365879996392
365879832395
365879952718
235436886860
127389878217
126533983592
127389969226
126478317875
127389932528
365879935303
127389878188
235151519890
236345056442
365879907983
365879996397
236389398668
236345031413
127389768418
127389838951
235480965695
127389857846
236344962465
127088986267
127389878186
236344962469
364811452556
364909875082
126099617598
127677522292
365879908015
235578359942
363932435623
365879935259
236345031474
127389932579
235441319364
236345137141
236345160666
236015325652
236345056393
127389768442
127389878166
236345056420
127389857844
236345056429
127389932527
236345137195
127389878183
127389768408
236345031444
235523607549
127389838906
127389932574
126469785044
236345056407
236345056438
127389857816
236345031470
236345069171
236345160659
365879935283
365879907954
365879935294
365879935287
236393816538
365879907937
364755157439
236345137223
365879907999
127389838920
127389768441
236345137228
365879950574
127389768427
236345031469
236345137226
236345137171
126412730309
127389857830
126415790575
127468679386
126506952902
236345160657
127389838857
365880042767
235240675875
365879935321
236345031465
127389838873
365879935313
126113669997
236345031396
127389878178
127389932552
127389969242
235214767866
236345137184
365879907980
126428136149
365879996423
127389932545
236345137146
127389878231
127389838965
127389932583
126450542804
365879996364
127389838940
126097498290
127389932548
127389932563
236345146198
127389838879
127389857849
236345137150
365879908023
236345137211
235528772889
126470733977
365879935317
365879908020
365879996352
127389932534
236345069164
236345069158
236345137212
365737133639
127389878173
235546014012
127389878201
366271099463
364897700351
127389857840
365879907948
127389857893
236345160655
127389932537
126454417969
235546013987
127389768405
235520156841
126447017429
235586463818
236345031423
236345069128
127389932532
236345146200
365879935291
236345137194
365879950565
365879996361
236344962451
365504557753
236345069137
127389857796
127389768445
236345069159
365879935299
236345031414
127389932554
127389932538
235547635948
127389878209
127802870982
365879950535
236345069183
365879950559
127389768410
236345031408
126246015049
236345137233
236345069134
364892134335
365879907987
127389946575
127389768407
127389878203
365879950569
126115129678
365879935285
127389878169
365879950554
365879907961
365879950573
365879996432
127389878189
126112000074
127389932559
127426374970
235557930524
365879832376
127389878218
127389932541
126448866212
236345031394
364899577169
127389857805
127389932566
127389838952
365879935325
127389857869
235505374432
236345031460
236345137202
364869811859
127389857879
365879907955
235054823492
127389878216
235197665340
365879950537
365879996387
365879996370
364899577155
235564694014
126495205134
127389838935
365879935289
365879950582
126145377750
126475110167
236345031456
365879935275
365879935300
127389838911
126453713734
127389878150
127389857886
126366423877
364721606929
365879935309
127389932536
365879907970
365879908004
365879996410
365879996371
127389857833
236345137198
365879907956
235483317325
127389857857
365879908012
127389946581
365879950538
365879950526
127389857797
236345031451
127389878179
365879832353
127389768421
236345031486
365879907991
235574892230
236345160660
127706888901
127389838955
127389857867
127389857862
365879950525
235571605042
236345137183
127389932558
127389768403
235522127585
236345056435
236345137191
365879950546
365879935315
127389878215
365879996391
126493144658
235578364769
236345056415
365879950552
365921952213
127389857819
365879907986
365880042761
365879996393
236345137193
364911624436
365879950551
236345069133
365879935267
127389878206
127389768406
236345031453
365879832389
365879950584
364760331441
126469785057
127389838937
127389857843
236345137169
236345160656
364922917776
364567619022
365879950542
127389932551
127389857868
127389838943
127389932555
236345031415
365879950534
236345031454
235792850839
236345056411
127389932573
236345056410
365879832363
236345137159
236344962454
236628739808
236345056388
236344962455
365880042766
236345160661
365879935265
364365610077
366339232709
365879832406
127389768437
235409096986
127389857838
236345031404
364846782864
365920250803
235188782222
365879907990
127389857855
236345031425
236344962479
127389878157
127389969236
365879935296
365879935305
364858699591
236206659191
126495661048
236345069168
236345137206
365879907976
236345137220
236345137225
365879950587
364621086079
365880042763
236372535013
235339618206
127389878161
127389932581
236345137189
127389768400
127239967300
236345137196
127389857859
127389878200
365879950556
364909134364
235570931965
236167093641
236345137173
235555762740
365879935304
127389768419
127389838925
236364170980
127389946577
127389932550
126335800057
365879935323
365879996360
364584755081
126716474810
127389838859
127389838860
127389857832
236345069190
365879996383
127389857878
127389969234
365879950576
364824402665
236345031468
127389878156
127389932577
236345031407
236345069173
236345137148
365879832367
365879907957
236345069131
127389857815
364921172987
126386406454
365702408026
236345069194
126273747000
236344962456
236616368960
235566257605
365879996356
236345069146
365879950531
126421703850
127677657099
365879996375
236345137213
127196591598
365879950527
365879950533
365879996382
365879996435
365879908019
236345056416
127389857883
365879950548
126476748263
127389932543
127389857829
127389857880
365879832396
127389932575
236345031452
365879935324
127082971121
365879832369
365879996412
127389932586
127389946571
126319915613
236345137174
236345056406
236345069185
365879907984
236345069154
365879935301
127389932539
126414603992
236345146202
365879950545
365879996350
365879996419
127389857864
127389857836
236345069135
126506982497
235264218835
236345056390
236349205704
364897700204
235396232983
365879996381
236345137157
127264606664
365879996394
365880042741
127389857881
364888929125
364861408681
365879935311
365879950536
364862486761
364906595367
236345031403
126383530718
236345031402
365879832392
126448866471
236345056398
127168314084
127389932578
127389857848
365879832355
236345137205
235244103905
364909875631
127389838939
365879996362
365879832383
235548997300
365879908002
235463330536
236345031410
235515601661
127389932582
236345137219
365879996347
127389878158
364922917672
236344962442
365879907995
127389838917
127389857870
127389857795
365879950540
365985319500
126418260377
236345069172
364855706606
365879935316
365879950567
365880042759
365879950566
127389838912
127389932557
365879935269
126481444509
236345137218
236345031448
365898226163
365242110528
365879832374
127389932585
127389838936
236345031447
236345069178
236345056394
365879950549
127389878220
127389768404
127389932565
365879996424
365879935263
365880019099
127389857811
236344962462
127389878192
235475474261
365879950568
236345031406
365879950557
235463312560
365879950586
236345069175
127737051015
236345137210
236344962452
127389932569
127389838883
127389932584
364893803618
236345031440
364825771266
365879996401
365879996395
127389878175
365879935279
126431926007
235542026245
236345031429
127389838898
127389857809
365879996374
365880042750
236475639551
127389857876
365879832400
127389932572
236345056425
363572491527
365879907934
236616299901
127389838877
127389838887
236345069150
236679296423
364658565826
365879832366
127389838926
127389857882
127389878185
365879996345
127389878191
127389878187
365879832359
126459398545
364743674714
127389878195
236734346647
364888228206
127752367320
236345069139
127389878144
127389768433
236345031412
127389838914
236345069140
236345137201
236344962467
127389838946
236344962435
365879950575
365879996376
365951839417
127389878212
126431926030
236345160652
236345137180
127389932560
365924277847
365879908011
127389838910
365879935319
365879950555
126328889625
364921173212
236345056395
236345137199
236345031418
235473955329
236345137156
127389932587
127389857871
127389932589
236345069170
365879908007
366225490792
235567190786
127389878170
365963343290
365879832368
365879935274
236345031472
236345056443
127389969219
364695125775
127663835500
364859505659
236345137158
364820863592
365879935271
126419572927
365879935272
236345031431
126369525294
126409555016
126464661439
235450751834
126240080796
127389932567
236345031450
127389932549
236345031422
236345069153
365879832393
365879907953
236345146194
127389969229
127389857823
127815670306
127389838930
365879950591
127389768430
236345137165
365879935314
235612248029
365879908009
127389857856
236344962437
236345137232
365880042748
236345160667
236345069166
236345137172
127389857825
127389932553
365879832377
127416297526
236345056430
236345069143
365879935273
127389878211
236345069129
365879832379
236345056379
126481444436
127389857837
236345137227
127389946579
236344962472
127389838948
236407324687
365879907988
365879832356
127389857818
127389878160
365879996425
127389768398
127389873036
365880042745
127389857824
364498198601
365879832388
127389838934
236345056423
126384427949
236345069174
236345146195
127389878163
127389838862
127389857812
127389857808
127389838916
365879832360
365879950560
365879950530
365879996344
127389768411
236372516898
236345137168
236345031430
364955236423
127389838960
126501503524
365879950532
236070593096
236345069181
365879996390
364893803735
365879950578
127389878164
365879950543
235480965677
236345069147
127389838941
365880019096
365879832370
365879950547
365879950541
364872869664
236345137207
365879907942
236345056382
236345160668
126468846680
127389932542
126412730192
236025492026
364498198233
236345056414
236345069151
236345137179
127389768444
126489346392
127389857858
236345069136
365181860743
365879908001
365879907959
127389857884
235386965380
235588568699
127389878198
365879935312
235365887228
127389857861
236345069161
365879935306
127389878152
127226971822
236345137167
127389768402
365879935270
365706947943
127389857827
126672923175
365879907965
364864238927
365906269227
365879832351
127389969238
364835511265
127389969224
