126097498290
126099617598
126112000074
126113669997
126115129678
126145377750
126165743707
126240080796
126246015049
126261745604
126273747000
126300556081
126318905098
126319915613
126328889625
126329788905
126335800057
126366423877
126369525294
126370118291
126373906372
126383530718
126384427949
126386406454
126396166504
126409555016
126412730192
126412730309
126414603429
126414603992
126415790575
126418260377
126419572927
126421703850
126428136149
126431926007
126431926030
126439889588
126443316370
126447017429
126448866212
126448866471
126450542804
126450542814
126453713734
126454417969
126459398545
126462946756
126464661439
126468846680
126469785044
126469785057
126470733977
126470733996
126473385852
126475110167
126476748263
126478317875
126479943435
126481444436
126481444509
126482220912
126486323016
126487251794
126489346392
126493144658
126495205134
126495661048
126495661368
126501503524
126505506359
126505662839
126506952902
126506982497
126533983592
126533983595
126672923175
126716474810
126716494061
126827721230
127082971121
127088986267
127168314084
127196591598
127226971822
127236581110
127239775819
127239950660
127239967300
127264606664
127365667688
127389768398
127389768400
127389768402
127389768403
127389768404
127389768405
127389768406
127389768407
127389768408
127389768410
127389768411
127389768415
127389768417
127389768418
127389768419
127389768421
127389768422
127389768426
127389768427
127389768429
127389768430
127389768431
127389768433
127389768434
127389768435
127389768437
127389768441
127389768442
127389768444
127389768445
127389838857
127389838859
127389838860
127389838862
127389838864
127389838865
127389838866
127389838868
127389838869
127389838870
127389838871
127389838872
127389838873
127389838877
127389838878
127389838879
127389838882
127389838883
127389838887
127389838890
127389838894
127389838895
127389838898
127389838901
127389838906
127389838909
127389838910
127389838911
127389838912
127389838913
127389838914
127389838916
127389838917
127389838920
127389838923
127389838925
127389838926
127389838928
127389838930
127389838931
127389838932
127389838933
127389838934
127389838935
127389838936
127389838937
127389838939
127389838940
127389838941
127389838942
127389838943
127389838944
127389838945
127389838946
127389838948
127389838951
127389838952
127389838954
127389838955
127389838960
127389838965
127389857795
127389857796
127389857797
127389857805
127389857806
127389857808
127389857809
127389857810
127389857811
127389857812
127389857815
127389857816
127389857817
127389857818
127389857819
127389857822
127389857823
127389857824
127389857825
127389857827
127389857829
127389857830
127389857832
127389857833
127389857834
127389857836
127389857837
127389857838
127389857839
127389857840
127389857841
127389857843
127389857844
127389857845
127389857846
127389857848
127389857849
127389857855
127389857856
127389857857
127389857858
127389857859
127389857860
127389857861
127389857862
127389857864
127389857866
127389857867
127389857868
127389857869
127389857870
127389857871
127389857876
127389857878
127389857879
127389857880
127389857881
127389857882
127389857883
127389857884
127389857886
127389857890
127389857893
127389873036
127389878144
127389878150
127389878151
127389878152
127389878153
127389878154
127389878156
127389878157
127389878158
127389878159
127389878160
127389878161
127389878163
127389878164
127389878166
127389878167
127389878169
127389878170
127389878171
127389878173
127389878175
127389878176
127389878178
127389878179
127389878180
127389878181
127389878183
127389878185
127389878186
127389878187
127389878188
127389878189
127389878191
127389878192
127389878195
127389878197
127389878198
127389878199
127389878200
127389878201
127389878203
127389878206
127389878208
127389878209
127389878211
127389878212
127389878215
127389878216
127389878217
127389878218
127389878220
127389878229
127389878230
127389878231
127389878236
127389932527
127389932528
127389932532
127389932534
127389932535
127389932536
127389932537
127389932538
127389932539
127389932540
127389932541
127389932542
127389932543
127389932544
127389932545
127389932547
127389932548
127389932549
127389932550
127389932551
127389932552
127389932553
127389932554
127389932555
127389932557
127389932558
127389932559
127389932560
127389932561
127389932563
127389932565
127389932566
127389932567
127389932568
127389932569
127389932570
127389932571
127389932572
127389932573
127389932574
127389932575
127389932576
127389932577
127389932578
127389932579
127389932580
127389932581
127389932582
127389932583
127389932584
127389932585
127389932586
127389932587
127389932589
127389932590
127389946569
127389946571
127389946574
127389946575
127389946577
127389946578
127389946579
127389946581
127389946586
127389969219
127389969220
127389969224
127389969226
127389969229
127389969233
127389969234
127389969236
127389969237
127389969238
127389969239
127389969242
127410844912
127416297526
127417945230
127426374970
127468679386
127488196314
127502681657
127663835500
127663835501
127663835511
127677522292
127677657099
127706888901
127737051015
127752367320
127790044097
127802870982
127803050156
127815670306
235054823492
235100299670
235148716431
235151519890
235188782222
235197665340
235214767866
235226017969
235227727519
235235642786
235238649466
235240675875
235244103905
235249667109
235264218835
235339618206
235365887228
235386965380
235392003566
235396232983
235399090909
235409096986
235436886860
235441319364
235445154602
235450751834
235456017127
235459823131
235463312560
235463330536
235473955329
235475474261
235477074948
235480965677
235480965695
235480965806
235482459293
235483317325
235499239928
235505374432
235515601661
235520156841
235522127585
235523607549
235528772889
235539278220
235540665153
235542026245
235546013987
235546014012
235547635892
235547635948
235548997300
235550290140
235553303692
235555762740
235557930524
235561798388
235564694014
235566257605
235567190786
235570931965
235571605042
235574892230
235578359942
235578364769
235579675193
235580958045
235582224942
235586463818
235588568699
235612248029
235792850839
235868804322
236015325652
236025492026
236070593096
236153746008
236167093641
236206659191
236344962435
236344962436
236344962437
236344962442
236344962443
236344962444
236344962447
236344962451
236344962452
236344962453
236344962454
236344962455
236344962456
236344962462
236344962465
236344962467
236344962469
236344962470
236344962472
236344962474
236344962475
236344962477
236344962479
236344962482
236345031394
236345031396
236345031402
236345031403
236345031404
236345031406
236345031407
236345031408
236345031410
236345031412
236345031413
236345031414
236345031415
236345031416
236345031418
236345031419
236345031422
236345031423
236345031424
236345031425
236345031427
236345031429
236345031430
236345031431
236345031435
236345031438
236345031440
236345031442
236345031444
236345031445
236345031447
236345031448
236345031449
236345031450
236345031451
236345031452
236345031453
236345031454
236345031456
236345031460
236345031463
236345031465
236345031466
236345031468
236345031469
236345031470
236345031472
236345031473
236345031474
236345031475
236345031479
236345031480
236345031482
236345031486
236345031488
236345056379
236345056380
236345056382
236345056383
236345056388
236345056389
236345056390
236345056392
236345056393
236345056394
236345056395
236345056398
236345056399
236345056400
236345056402
236345056403
236345056405
236345056406
236345056407
236345056409
236345056410
236345056411
236345056413
236345056414
236345056415
236345056416
236345056418
236345056420
236345056423
236345056424
236345056425
236345056427
236345056429
236345056430
236345056432
236345056434
236345056435
236345056436
236345056438
236345056439
236345056440
236345056442
236345056443
236345069128
236345069129
236345069130
236345069131
236345069132
236345069133
236345069134
236345069135
236345069136
236345069137
236345069139
236345069140
236345069141
236345069143
236345069144
236345069146
236345069147
236345069148
236345069150
236345069151
236345069152
236345069153
236345069154
236345069157
236345069158
236345069159
236345069160
236345069161
236345069162
236345069163
236345069164
236345069166
236345069168
236345069169
236345069170
236345069171
236345069172
236345069173
236345069174
236345069175
236345069177
236345069178
236345069181
236345069182
236345069183
236345069184
236345069185
236345069190
236345069194
236345137141
236345137146
236345137148
236345137150
236345137152
236345137156
236345137157
236345137158
236345137159
236345137160
236345137161
236345137162
236345137165
236345137167
236345137168
236345137169
236345137171
236345137172
236345137173
236345137174
236345137177
236345137178
236345137179
236345137180
236345137181
236345137183
236345137184
236345137186
236345137187
236345137188
236345137189
236345137191
236345137192
236345137193
236345137194
236345137195
236345137196
236345137197
236345137198
236345137199
236345137201
236345137202
236345137203
236345137205
236345137206
236345137207
236345137210
236345137211
236345137212
236345137213
236345137214
236345137218
236345137219
236345137220
236345137221
236345137223
236345137224
236345137225
236345137226
236345137227
236345137228
236345137232
236345137233
236345137237
236345146194
236345146195
236345146196
236345146197
236345146198
236345146199
236345146200
236345146202
236345160651
236345160652
236345160655
236345160656
236345160657
236345160659
236345160660
236345160661
236345160662
236345160663
236345160666
236345160667
236345160668
236349205704
236364170980
236372516898
236372535013
236384016213
236389398668
236393816538
236407324687
236460252577
236475639551
236475895875
236616299901
236616368959
236616368960
236628739808
236679296423
236734346647
236746944737
363572491527
363932435623
364365610077
364498198233
364498198601
364532229830
364564395846
364567619022
364584755081
364616077785
364621086079
364658565826
364695125775
364721114257
364721606929
364737328423
364743674714
364755157439
364760331441
364776659031
364811452556
364820863592
364824402665
364825735402
364825771266
364826513800
364835511265
364839720860
364846782864
364851559092
364855706606
364856425787
364858699591
364859505659
364861408681
364862486761
364864238927
364869811859
364872869664
364875044282
364881885930
364888228206
364888929125
364889774692
364892134335
364892135275
364893803618
364893803702
364893803735
364897700204
364897700351
364899577155
364899577169
364906595367
364909134364
364909875082
364909875631
364910897632
364911624436
364921172987
364921173212
364922917672
364922917776
364955236423
365181860743
365242110528
365443968263
365456861194
365504557753
365680341386
365702408026
365706947943
365737133639
365816245798
365879832351
365879832353
365879832355
365879832356
365879832357
365879832358
365879832359
365879832360
365879832362
365879832363
365879832365
365879832366
365879832367
365879832368
365879832369
365879832370
365879832374
365879832376
365879832377
365879832379
365879832383
365879832385
365879832388
365879832389
365879832392
365879832393
365879832395
365879832396
365879832397
365879832400
365879832406
365879832410
365879907928
365879907931
365879907934
365879907937
365879907942
365879907946
365879907948
365879907950
365879907953
365879907954
365879907955
365879907956
365879907957
365879907959
365879907961
365879907965
365879907969
365879907970
365879907973
365879907974
365879907976
365879907980
365879907983
365879907984
365879907985
365879907986
365879907987
365879907988
365879907990
365879907991
365879907995
365879907999
365879908001
365879908002
365879908004
365879908006
365879908007
365879908009
365879908011
365879908012
365879908015
365879908017
365879908019
365879908020
365879908021
365879908022
365879908023
365879908024
365879908034
365879935259
365879935262
365879935263
365879935265
365879935267
365879935269
365879935270
365879935271
365879935272
365879935273
365879935274
365879935275
365879935276
365879935277
365879935278
365879935279
365879935280
365879935283
365879935284
365879935285
365879935286
365879935287
365879935289
365879935290
365879935291
365879935292
365879935293
365879935294
365879935296
365879935297
365879935299
365879935300
365879935301
365879935302
365879935303
365879935304
365879935305
365879935306
365879935307
365879935309
365879935311
365879935312
365879935313
365879935314
365879935315
365879935316
365879935317
365879935319
365879935321
365879935323
365879935324
365879935325
365879950523
365879950524
365879950525
365879950526
365879950527
365879950529
365879950530
365879950531
365879950532
365879950533
365879950534
365879950535
365879950536
365879950537
365879950538
365879950540
365879950541
365879950542
365879950543
365879950544
365879950545
365879950546
365879950547
365879950548
365879950549
365879950550
365879950551
365879950552
365879950553
365879950554
365879950555
365879950556
365879950557
365879950558
365879950559
365879950560
365879950562
365879950563
365879950564
365879950565
365879950566
365879950567
365879950568
365879950569
365879950570
365879950571
365879950573
365879950574
365879950575
365879950576
365879950578
365879950581
365879950582
365879950584
365879950585
365879950586
365879950587
365879950591
365879952718
365879996340
365879996341
365879996342
365879996344
365879996345
365879996347
365879996350
365879996351
365879996352
365879996354
365879996355
365879996356
365879996357
365879996360
365879996361
365879996362
365879996364
365879996370
365879996371
365879996374
365879996375
365879996376
365879996377
365879996378
365879996379
365879996381
365879996382
365879996383
365879996385
365879996387
365879996390
365879996391
365879996392
365879996393
365879996394
365879996395
365879996397
365879996399
365879996401
365879996403
365879996405
365879996408
365879996410
365879996412
365879996413
365879996414
365879996419
365879996421
365879996423
365879996424
365879996425
365879996432
365879996433
365879996435
365880019095
365880019096
365880019097
365880019098
365880019099
365880019102
365880042741
365880042745
365880042746
365880042748
365880042750
365880042752
365880042759
365880042760
365880042761
365880042763
365880042764
365880042766
365880042767
365880042779
365898226163
365906269227
365920250803
365921952213
365924277847
365938401688
365949582238
365951839417
365963343290
365985319500
366005344632
366173240741
366225490792
366271099463
366339232709
