124443107633
124544488500
124544600002
124786190120
125770812748
126025663821
126097498290
126099617598
126112000074
126113669997
126115129678
126165743707
126191730089
126246015049
126261745604
126300556081
126318905098
126328889625
126335800057
126370118291
126383530718
126391796563
126412730192
126414603429
126419572927
126428136149
126431926007
126440196718
126447017429
126448866212
126448866471
126450542804
126450542814
126453713695
126454417969
126459398545
126462946756
126468846680
126469785044
126469785057
126470733977
126470733996
126473385852
126475110167
126476748263
126481444436
126486323016
126487251794
126488763142
126489346392
126493144658
126495661048
126495661368
126501503524
126505506359
126505662839
126506952902
126533983595
126672923175
127082971121
127088986267
127226971822
127236581110
127239775819
127264606664
127365667688
127389768398
127389768400
127389768402
127389768403
127389768404
127389768405
127389768406
127389768407
127389768408
127389768411
127389768415
127389768417
127389768418
127389768419
127389768421
127389768422
127389768426
127389768427
127389768429
127389768430
127389768431
127389768433
127389768434
127389768435
127389768437
127389768441
127389768444
127389768445
127389838859
127389838862
127389838864
127389838865
127389838868
127389838870
127389838872
127389838873
127389838879
127389838882
127389838883
127389838887
127389838895
127389838898
127389838906
127389838911
127389838912
127389838913
127389838914
127389838916
127389838920
127389838925
127389838926
127389838928
127389838930
127389838931
127389838933
127389838934
127389838935
127389838936
127389838937
127389838939
127389838940
127389838942
127389838943
127389838944
127389838945
127389838946
127389838948
127389838951
127389838952
127389838955
127389838960
127389838965
127389857796
127389857802
127389857805
127389857806
127389857807
127389857808
127389857809
127389857812
127389857815
127389857816
127389857818
127389857819
127389857821
127389857822
127389857823
127389857824
127389857825
127389857827
127389857830
127389857832
127389857833
127389857836
127389857837
127389857838
127389857839
127389857840
127389857843
127389857844
127389857845
127389857846
127389857848
127389857849
127389857855
127389857856
127389857858
127389857859
127389857860
127389857861
127389857862
127389857864
127389857866
127389857867
127389857869
127389857871
127389857876
127389857878
127389857879
127389857881
127389857882
127389857883
127389857884
127389873036
127389878144
127389878151
127389878153
127389878154
127389878156
127389878157
127389878158
127389878159
127389878160
127389878161
127389878163
127389878166
127389878167
127389878169
127389878170
127389878171
127389878173
127389878176
127389878177
127389878179
127389878180
127389878181
127389878183
127389878185
127389878186
127389878187
127389878188
127389878189
127389878192
127389878195
127389878199
127389878200
127389878201
127389878203
127389878206
127389878208
127389878211
127389878212
127389878216
127389878217
127389878218
127389878220
127389878229
127389878230
127389878231
127389878236
127389932527
127389932528
127389932529
127389932532
127389932534
127389932536
127389932537
127389932538
127389932539
127389932540
127389932541
127389932542
127389932543
127389932545
127389932549
127389932550
127389932551
127389932552
127389932554
127389932555
127389932557
127389932558
127389932559
127389932560
127389932561
127389932563
127389932565
127389932566
127389932568
127389932569
127389932571
127389932572
127389932573
127389932574
127389932575
127389932576
127389932577
127389932578
127389932579
127389932580
127389932581
127389932583
127389932584
127389932585
127389932586
127389932590
127389946569
127389946571
127389946574
127389946576
127389946577
127389946578
127389946579
127389946581
127389969219
127389969224
127389969226
127389969229
127389969233
127389969234
127389969236
127389969237
127389969238
127389969239
