127389969242
127416297526
127502681657
127737051015
127790044097
127801274476
127815670306
127838564661
127850350544
127877523832
127916636595
233481443797
233743981170
234090739207
234517180623
234916203750
235024112455
235100299670
235148716431
235214767866
235226017969
235235642786
235238649186
235238649466
235240675875
235244103905
235244121203
235249667109
235325362709
235365887228
235392003566
235396232983
235397488898
235420587781
235431271064
235439416399
235441319364
235445154602
235450751834
235456017183
235459823131
235463330536
235475474261
235480965695
235482459293
235483317325
235505374432
235505374455
235515601661
235520156841
235522127585
235523607549
235528772889
235537299734
235539278220
235540665153
235542026245
235546013987
235546014012
235547635892
235553303692
235557930766
235566257605
235570931965
235578364769
235580958045
235586463818
235588568699
235612248029
235792850839
235829380082
235868804322
235917170385
236025492026
236070593096
236088941803
236153756994
236167093641
236206659191
236344962434
236344962435
236344962436
236344962442
236344962443
236344962444
236344962451
236344962453
236344962454
236344962455
236344962456
236344962459
236344962465
236344962467
236344962469
236344962470
236344962472
236344962474
236344962475
236344962477
236344962482
236345031394
236345031403
236345031404
236345031406
236345031407
236345031410
236345031413
236345031414
236345031416
236345031419
236345031420
236345031422
236345031423
236345031425
236345031427
236345031430
236345031435
236345031438
236345031440
236345031444
236345031445
236345031446
236345031448
236345031449
236345031450
236345031451
236345031452
236345031453
236345031454
236345031456
236345031460
236345031462
236345031465
236345031466
236345031468
236345031470
236345031472
236345031474
236345031475
236345031479
236345031480
236345031482
236345031486
236345031488
236345056380
236345056382
236345056383
236345056388
236345056390
236345056392
236345056394
236345056395
236345056396
236345056398
236345056399
236345056402
236345056405
236345056407
236345056409
236345056410
236345056411
236345056413
236345056414
236345056416
236345056420
236345056421
236345056423
236345056424
236345056425
236345056427
236345056429
236345056430
236345056434
236345056435
236345056436
236345056438
236345056439
236345056440
236345056442
236345056443
236345069128
236345069129
236345069130
236345069131
236345069133
236345069134
236345069135
236345069136
236345069137
236345069139
236345069140
236345069141
236345069143
236345069146
236345069147
236345069148
236345069150
236345069151
236345069152
236345069153
236345069154
236345069158
236345069159
236345069160
236345069161
236345069163
236345069164
236345069166
236345069169
236345069170
236345069171
236345069172
236345069174
236345069175
236345069177
236345069178
236345069181
236345069182
236345069184
236345069185
236345069187
236345069189
236345069190
236345069194
236345137141
236345137150
236345137152
236345137156
236345137157
236345137158
236345137161
236345137162
236345137165
236345137167
236345137168
236345137172
236345137173
236345137174
236345137175
236345137176
236345137179
236345137181
236345137183
236345137184
236345137187
236345137188
236345137191
236345137193
236345137194
236345137196
236345137197
236345137198
236345137199
236345137201
236345137202
236345137203
236345137205
236345137206
236345137207
236345137210
236345137212
236345137216
236345137218
236345137219
236345137220
236345137221
236345137222
236345137224
236345137225
236345137226
236345137227
236345137228
236345137232
236345137233
236345137237
236345146195
236345146196
236345146199
236345146202
236345160651
236345160652
236345160656
236345160660
236345160661
236345160662
236345160663
236345160666
236345160668
236349205704
236364170980
236372535013
236393816538
236407324687
236475639551
236475895875
236734346647
236785303434
236818591093
363018083245
363106327803
363197736680
363556924795
363665320900
363809308977
363932435623
364365610077
364532229830
364564395846
364584755081
364614984524
364616077785
364709344786
364721606929
364737328423
364743674714
364760331441
364820863592
364824402665
364826513800
364839720860
364846782864
364851559092
364855706606
364858699591
364862486761
364864238927
364869811859
364872869664
364881885930
364888929125
364892134335
364892135275
364893803618
364893803702
364893803735
364899577155
364899577169
364909134364
364909875082
364909875631
364911624436
364921172987
364922917672
364922917776
364955236423
365456861194
365504557753
365702408026
365706947943
365816245798
365879832351
365879832353
365879832355
365879832356
365879832357
365879832359
365879832360
365879832363
365879832365
365879832366
365879832368
365879832369
365879832370
365879832374
365879832376
365879832377
365879832383
365879832388
365879832389
365879832390
365879832392
365879832393
365879832395
365879832396
365879832397
365879832400
365879832406
365879832410
365879907928
365879907931
365879907934
365879907937
365879907942
365879907948
365879907950
365879907951
365879907953
365879907954
365879907955
365879907956
365879907957
365879907961
365879907965
365879907969
365879907974
365879907976
365879907983
365879907984
365879907986
365879907987
365879907991
365879907995
365879907999
365879908001
365879908004
365879908006
365879908007
365879908009
365879908011
365879908012
365879908015
365879908017
365879908020
365879908021
365879908023
365879908024
365879908026
365879908034
365879935259
365879935262
365879935263
365879935266
365879935267
365879935269
365879935270
365879935272
365879935273
365879935274
365879935275
365879935276
365879935278
365879935280
365879935283
365879935284
365879935286
365879935287
365879935289
365879935290
365879935291
365879935292
365879935293
365879935294
365879935296
365879935299
365879935300
365879935301
365879935302
365879935304
365879935305
365879935306
365879935307
365879935309
365879935312
365879935313
365879935314
365879935315
365879935317
365879935319
365879935323
365879935324
365879935325
365879950523
365879950524
365879950527
365879950529
365879950530
365879950531
365879950532
365879950533
365879950535
365879950536
365879950537
365879950540
365879950541
365879950542
365879950543
365879950544
365879950545
365879950546
365879950547
365879950548
365879950549
365879950550
365879950551
365879950552
365879950556
365879950557
365879950559
365879950560
365879950562
365879950563
365879950564
365879950565
365879950566
365879950567
365879950568
365879950569
365879950570
365879950571
365879950574
365879950575
365879950578
365879950582
365879950583
365879950584
365879950585
365879950586
365879952718
365879996340
365879996341
365879996342
365879996344
365879996345
365879996347
365879996350
365879996351
365879996352
365879996355
365879996356
365879996357
365879996360
365879996361
365879996362
365879996364
365879996370
365879996371
365879996374
365879996375
365879996376
365879996379
365879996381
365879996383
365879996390
365879996391
365879996392
365879996393
365879996394
365879996397
365879996399
365879996405
365879996408
365879996412
365879996413
365879996414
365879996419
365879996421
365879996423
365879996424
365879996425
365879996432
365879996435
365880019095
365880019097
365880019098
365880019099
365880019102
365880042745
365880042746
365880042748
365880042750
365880042759
365880042766
365880042767
365906269227
365906280332
365924277847
365938401688
365951839417
365985319500
366331246534
366409083367
366424712404
366440752425
366442753207
